2459430.59581932 0.994865 0.000915 -6.83 17.08 1.23 6.00 27.47 150.48
2459430.59769232 0.995497 0.000918 -6.91 17.10 1.23 6.59 27.55 149.88
2459430.59955932 0.996893 0.000918 -6.43 17.06 1.23 6.43 27.28 150.17
2459430.60142632 0.995458 0.000916 -6.80 17.52 1.22 6.64 26.77 149.95
2459430.60329332 0.995200 0.000914 -6.84 16.23 1.22 6.43 24.71 150.21
2459430.60515632 0.999237 0.000920 -7.06 15.29 1.22 6.52 26.34 149.39
2459430.60888732 0.998469 0.000916 -6.58 15.94 1.21 6.90 24.77 150.05
2459430.61074732 0.996033 0.000917 -5.44 16.24 1.21 7.25 24.70 149.12
2459430.61260832 0.995566 0.000914 -6.10 15.57 1.21 7.10 24.68 150.08
2459430.61447532 0.995895 0.000912 -6.69 16.26 1.20 6.60 28.56 150.24
2459430.61634232 0.994704 0.000912 -6.28 15.90 1.20 6.86 28.93 150.20
2459430.61829432 0.995047 0.000915 -6.33 14.97 1.20 7.53 25.83 149.22
2459430.62016032 0.995565 0.000918 -6.82 15.86 1.20 9.10 26.05 150.08
2459430.62202132 0.997683 0.000922 -7.51 17.29 1.20 8.90 25.91 149.11
2459430.62388032 0.997389 0.000915 -7.39 18.07 1.19 8.39 26.14 150.09
2459430.62574632 0.997436 0.000916 -7.09 18.08 1.19 8.26 26.23 150.06
2459430.62770632 0.995082 0.000914 -5.98 15.88 1.19 8.37 26.61 149.90
2459430.62956732 0.997942 0.000922 -6.51 15.93 1.19 9.25 26.02 149.34
2459430.63143232 0.996609 0.000918 -6.88 15.60 1.19 8.61 25.94 149.55
2459430.63329432 0.995572 0.000912 -7.29 15.93 1.18 7.86 26.05 150.07
2459430.63515632 0.996974 0.000917 -6.79 16.79 1.18 8.89 26.40 149.54
2459430.63711332 0.996272 0.000915 -6.12 15.24 1.18 8.36 26.43 150.10
2459430.63897432 0.995630 0.000916 -5.84 15.51 1.18 8.37 25.91 149.53
2459430.64085032 0.996072 0.000918 -6.32 17.47 1.18 8.70 26.23 149.57
2459430.64273832 0.995993 0.000915 -7.39 16.46 1.18 8.72 25.82 150.29
2459430.64469432 0.996572 0.000919 -7.50 16.04 1.18 8.71 26.20 149.72
2459430.64655632 0.999176 0.000944 -8.41 16.45 1.18 8.05 26.67 149.62
2459430.64841832 0.997584 0.000920 -6.08 15.73 1.17 8.08 26.15 149.70
2459430.65028532 0.997974 0.000914 -5.83 16.12 1.17 8.30 26.44 150.07
2459430.65215732 0.998290 0.000915 -6.05 17.33 1.17 8.63 26.20 149.92
2459430.65402332 0.999057 0.000915 -6.17 17.80 1.17 8.44 26.38 150.15
2459430.65588932 0.997240 0.000912 -6.85 17.51 1.17 7.46 26.41 150.16
2459430.65783132 0.996874 0.000915 -6.87 16.55 1.17 8.07 26.59 149.14
2459430.65969832 0.994093 0.000910 -7.44 16.88 1.17 8.08 26.80 150.23
2459430.66156732 0.997588 0.000912 -6.84 17.23 1.17 7.29 26.68 150.15
2459430.66343332 0.997425 0.000913 -7.14 16.56 1.17 8.16 26.09 150.10
2459430.66530332 0.995817 0.000910 -6.92 14.31 1.17 7.78 26.51 150.18
2459430.66717232 0.995122 0.000913 -7.51 14.95 1.17 8.65 26.12 149.77
2459430.66903732 0.998298 0.000914 -6.50 15.58 1.17 7.99 26.17 150.15
2459430.67090532 0.999884 0.000916 -5.91 16.71 1.17 7.94 25.98 150.13
2459430.67277632 0.998586 0.000917 -6.31 17.90 1.17 8.63 26.43 149.70
2459430.67472932 0.999030 0.000919 -6.16 17.34 1.17 8.29 26.61 150.29
2459430.69163032 0.997871 0.000941 -6.09 16.06 1.18 8.87 28.92 150.28
2459430.71029733 0.996823 0.000928 -6.47 16.86 1.19 8.73 28.20 150.11
2459430.71781933 0.998466 0.000919 -7.36 16.12 1.20 7.10 29.11 149.49
2459430.72538033 0.999236 0.000924 -6.76 16.59 1.21 8.07 30.96 150.30
2459430.72724133 0.999908 0.000925 -7.36 16.72 1.21 7.96 31.22 149.30
2459430.72910233 1.001520 0.000923 -6.48 16.41 1.21 8.01 31.12 150.00
2459430.73096833 1.001298 0.000924 -7.71 16.54 1.22 8.09 30.71 150.38
2459430.73284233 1.003047 0.000928 -7.43 16.46 1.22 7.78 30.83 149.28
2459430.73470533 1.001763 0.000926 -7.06 16.76 1.22 8.05 31.24 150.03
2459430.73657633 1.003925 0.000931 -5.57 15.72 1.23 8.56 31.41 150.06
2459430.73844433 1.004541 0.000927 -5.60 15.78 1.23 7.90 31.58 150.46
2459430.74038833 1.005587 0.000943 -6.43 15.46 1.23 8.41 31.34 149.47
2459430.74226733 1.005186 0.000934 -6.52 15.50 1.24 8.03 31.75 149.78
2459430.74413633 1.006334 0.000933 -5.64 16.55 1.24 8.33 31.99 150.29
2459430.74600533 1.007272 0.000933 -5.28 16.43 1.24 8.24 32.31 150.37
2459430.74787833 1.005387 0.000940 -6.89 16.44 1.25 9.99 32.37 150.30
2459430.74983333 1.007069 0.000938 -6.25 16.62 1.25 9.07 33.27 150.42
2459430.75169733 1.005972 0.000941 -6.16 15.83 1.25 9.36 32.78 149.26
2459430.75360733 1.007087 0.000939 -8.06 15.49 1.26 8.89 33.02 150.48
2459430.75549433 1.006594 0.000941 -8.07 16.02 1.26 8.74 31.94 149.17
2459430.75735433 1.006678 0.000940 -6.80 16.79 1.27 8.49 31.85 150.08
2459430.75922233 1.008407 0.000943 -7.34 17.79 1.27 9.28 31.68 150.22
2459430.76109633 1.007469 0.000943 -6.40 18.01 1.28 8.68 31.88 150.24
2459430.76296333 1.011244 0.000947 -6.69 18.46 1.28 8.45 31.48 149.82
2459430.76482433 1.009005 0.000949 -6.60 16.22 1.28 9.15 31.68 149.27
2459430.76670633 1.012494 0.000969 -6.43 16.49 1.29 9.27 32.21 150.16
2459430.77045233 1.009516 0.000956 -6.73 16.96 1.30 8.94 32.61 150.08
2459430.77232133 1.009127 0.000952 -6.59 15.97 1.30 9.72 33.12 150.37
2459430.77424933 1.011407 0.000964 -7.23 16.04 1.31 8.89 33.71 150.18
2459430.78181333 1.009639 0.000962 -7.51 15.63 1.33 8.85 34.83 150.20
2459430.78367933 1.006944 0.000962 -7.11 16.04 1.34 9.67 35.13 150.18
2459430.80440833 1.006428 0.000981 -6.48 17.14 1.41 9.60 34.79 149.89
2459430.80627333 1.008892 0.000989 -6.17 17.91 1.42 10.93 34.88 150.03
2459430.80813433 1.008853 0.000990 -7.48 18.41 1.43 10.17 34.73 149.22
2459430.80999733 1.010364 0.000993 -8.01 15.73 1.44 10.29 35.27 150.18
