2458657.16091603 1.00028944 0.00088212
2458657.18174985 1.00003684 0.00088211
2458657.20258367 1.00154746 0.00088198
2458657.22341749 1.00090635 0.00088097
2458657.24425131 1.00159550 0.00088014
2458657.26508513 1.00018489 0.00087839
2458657.28591895 1.00218058 0.00087595
2458657.30675277 0.99979228 0.00087217
2458657.32758659 1.00024903 0.00086895
2458657.36925422 0.99994755 0.00086177
2458657.39008804 1.00207472 0.00085999
2458657.47342331 1.00189018 0.00085704
2458657.51509094 1.00135934 0.00085861
2458657.53592476 1.00131404 0.00086089
2458657.55675858 1.00191271 0.00086236
2458657.59842621 0.99961889 0.00086427
2458657.61926002 1.00138307 0.00086499
2458657.68176146 1.00158548 0.00086405
2458657.72342909 1.00080132 0.00086194
2458657.74426290 1.00106347 0.00086103
2458657.76509671 1.00110018 0.00086023
2458657.78593052 1.00126147 0.00086017
2458657.80676434 1.00127172 0.00085882
2458657.82759815 1.00054133 0.00085841
2458657.84843196 1.00092328 0.00085775
2458657.86926577 1.00239730 0.00085714
2458657.89009958 1.00126493 0.00085552
2458657.91093339 0.99911666 0.00085373
2458657.93176720 0.99923062 0.00085165
2458657.95260101 1.00055504 0.00084957
2458657.97343482 0.99991804 0.00084742
2458657.99426863 1.00106943 0.00084519
2458658.01510243 1.00140703 0.00084323
2458658.03593624 1.00032961 0.00084194
2458658.05677005 0.99959797 0.00084059
2458658.07760386 1.00029039 0.00084058
2458658.09843766 1.00017321 0.00083982
2458658.11927147 0.99953467 0.00084007
2458658.14010528 0.99981266 0.00084007
2458658.16093908 1.00029993 0.00084138
2458658.18177289 1.00079274 0.00084234
2458658.20260669 1.00083423 0.00084187
2458658.22344050 1.00086534 0.00084230
2458658.24427430 0.99925071 0.00084144
2458658.26510811 1.00143206 0.00084084
2458658.28594191 1.00092649 0.00083966
2458658.30677571 1.00100505 0.00083867
2458658.32760952 0.99963695 0.00083505
2458658.34844332 1.00091183 0.00083314
2458658.36927712 0.99929816 0.00083055
2458658.39011092 1.00043559 0.00082893
2458658.41094473 0.99939954 0.00082730
2458658.43177853 1.00006092 0.00082679
2458658.45261233 1.00074923 0.00082641
2458658.47344613 1.00025511 0.00082613
2458658.49427993 0.99923277 0.00082626
2458658.51511373 0.99909920 0.00082688
2458658.53594753 0.99996841 0.00082819
2458658.55678133 1.00003242 0.00082911
2458658.57761513 1.00106645 0.00083087
2458658.59844893 1.00055969 0.00083108
2458658.61928272 1.00002360 0.00083135
2458658.64011652 1.00072110 0.00083141
2458658.66095032 0.99983448 0.00083103
2458658.68178412 0.99994260 0.00082998
2458658.70261791 0.99999851 0.00082941
2458658.72345171 1.00117612 0.00082816
2458658.74428550 1.00116658 0.00082796
2458658.76511930 1.00061357 0.00082663
2458658.78595310 1.00100112 0.00082663
2458658.80678689 1.00040722 0.00082608
2458658.82762069 1.00084293 0.00082575
2458658.84845448 1.00007236 0.00082530
2458658.86928827 1.00060213 0.00082523
2458658.89012207 0.99991333 0.00082437
2458658.91095586 1.00061989 0.00082350
2458658.93178965 1.00164282 0.00082241
2458658.95262344 0.99993640 0.00082063
2458658.97345724 1.00176108 0.00081922
2458658.99429103 1.00040710 0.00081808
2458659.01512482 1.00040710 0.00081607
2458659.03595861 1.00053859 0.00081483
2458659.05679240 0.99923646 0.00081380
2458659.07762619 1.00025916 0.00081307
2458659.09845998 1.00226700 0.00081291
2458659.11929377 0.99924910 0.00081207
2458659.14012756 0.99865973 0.00081187
2458659.16096135 0.99923414 0.00081223
2458659.18179514 0.99950880 0.00081213
2458659.20262892 1.00052309 0.00081234
2458659.22346271 0.99947715 0.00081225
2458659.24429650 1.00197923 0.00081183
2458659.26513029 1.00062466 0.00081141
2458659.28596407 0.99856514 0.00080975
2458659.30679786 0.99889183 0.00080906
2458659.32763164 0.99969256 0.00080774
2458659.34846543 1.00011969 0.00080699
2458659.36929921 0.99933201 0.00080540
2458659.39013300 0.99973732 0.00080405
2458659.41096678 0.99966943 0.00080360
2458659.43180057 0.99988461 0.00080299
2458659.45263435 1.00029957 0.00080281
2458659.47346813 0.99996918 0.00080236
2458659.49430192 1.00023067 0.00080252
2458659.51513570 0.99932683 0.00080302
2458659.53596948 0.99895042 0.00080312
2458659.55680326 0.99938554 0.00080317
2458659.57763704 1.00013137 0.00080392
2458659.59847082 0.99931842 0.00080368
2458659.61930460 0.99944931 0.00080389
2458659.64013838 0.99819791 0.00080459
2458659.66097216 1.00009072 0.00080385
2458659.68180594 0.99765569 0.00080313
2458659.70263972 0.99964327 0.00080265
2458659.72347350 0.99968231 0.00080209
2458659.74430728 0.99995762 0.00080174
2458659.76514106 0.99938053 0.00080104
2458659.78597483 1.00115156 0.00080084
2458659.80680861 1.00013685 0.00080078
2458659.82764239 0.99968410 0.00080110
2458659.84847616 0.99854690 0.00080044
2458659.86930994 1.00057030 0.00080010
2458659.89014371 0.99740875 0.00079911
2458659.91097749 1.00018704 0.00079939
2458659.93181126 0.99940372 0.00079835
2458659.95264504 0.99941570 0.00079693
2458659.97347881 0.99963903 0.00079555
2458659.99431259 0.99838418 0.00079423
2458660.01514636 0.99981546 0.00079306
2458660.03598013 0.99983644 0.00079195
2458660.05681390 0.99959260 0.00079105
2458660.07764768 0.99956888 0.00078989
2458660.09848145 0.99961436 0.00078893
2458660.11931522 1.00028503 0.00078835
2458660.14014899 1.00006020 0.00078802
2458660.16098276 0.99941933 0.00078760
2458660.18181653 1.00032401 0.00078789
2458660.20265030 0.99923259 0.00078706
2458660.22348407 0.99938655 0.00078691
2458660.24431784 1.00049210 0.00078691
2458660.26515161 0.99930727 0.00078641
2458660.28598537 1.00077176 0.00078662
2458660.30681914 1.00024164 0.00078581
2458660.32765291 0.99863392 0.00078476
2458660.34848668 1.00133526 0.00078490
2458660.36932044 0.99957716 0.00078420
2458660.39015421 0.99976957 0.00078300
2458660.41098798 0.99993831 0.00078365
2458660.43182174 1.00011301 0.00078218
2458660.45265551 0.99995726 0.00078247
2458660.47348927 0.99920547 0.00078154
2458660.49432303 0.99994671 0.00078171
2458660.51515680 0.99976671 0.00078171
2458660.53599056 0.99974602 0.00078222
2458660.55682432 0.99994010 0.00078236
2458660.57765809 0.99912924 0.00078240
2458660.59849185 0.99985158 0.00078308
2458660.61932561 1.00024211 0.00078362
2458660.64015937 0.99933946 0.00078351
2458660.66099313 0.99897635 0.00078400
2458660.68182689 0.99996614 0.00078415
2458660.70266065 0.99973100 0.00078357
2458660.74432817 1.00022125 0.00078283
2458660.82766321 0.99955076 0.00078188
2458660.84849697 1.00058424 0.00078207
2458660.86933072 0.99924862 0.00078139
2458660.89016448 1.00072610 0.00078188
2458660.91099824 1.00087965 0.00078118
2458660.93183199 1.00117683 0.00078069
2458660.95266575 0.99890089 0.00077990
2458660.97349950 0.99869698 0.00077844
2458660.99433326 0.99755388 0.00077766
2458661.01516701 0.99953723 0.00077714
2458661.03600077 0.99898720 0.00077605
2458661.05683452 0.99925983 0.00077542
2458661.07766827 1.00059342 0.00077521
2458661.09850203 0.99927366 0.00077427
2458661.11933578 0.99937886 0.00077400
2458661.14016953 1.00037861 0.00077372
2458661.16100328 1.00020993 0.00077328
2458661.18183703 1.00014627 0.00077317
2458661.20267078 0.99934304 0.00077317
2458661.22350453 0.99826103 0.00077282
2458661.24433828 0.99968010 0.00077301
2458661.26517203 0.99945676 0.00077253
2458661.28600578 0.99846649 0.00077222
2458661.30683953 1.00115561 0.00077320
2458661.32767328 0.99854451 0.00077152
2458661.34850703 0.99896002 0.00077137
2458661.36934078 1.00052762 0.00077092
2458661.39017452 0.99947989 0.00077046
2458661.41100827 0.99972332 0.00076959
2458661.43184202 0.99783820 0.00076942
2458661.45267576 0.99890852 0.00076954
2458661.47350951 0.99838352 0.00076972
2458661.49434325 1.00143051 0.00077042
2458661.51517700 0.99776387 0.00076981
2458661.53601074 0.99975353 0.00077080
2458661.55684449 1.00003266 0.00077183
2458661.57767823 1.00065911 0.00077169
2458661.59851197 1.00020790 0.00077180
2458661.61934572 0.99882680 0.00077194
2458661.64017946 0.99955910 0.00077297
2458661.66101320 0.99879289 0.00077298
2458661.68184694 1.00024068 0.00077310
2458661.70268068 1.00027227 0.00077329
2458661.72351442 1.00031698 0.00077283
2458661.74434816 0.99991888 0.00077277
2458661.76518190 0.99883068 0.00077246
2458661.78601564 0.99909067 0.00077258
2458661.80684938 0.99881649 0.00077200
2458661.82768312 1.00092757 0.00077254
2458661.84851686 1.00019073 0.00077274
2458661.86935060 1.00009382 0.00077261
2458661.89018434 0.99923009 0.00077266
2458661.91101807 1.00029778 0.00077227
2458661.93185181 1.00072944 0.00077267
2458661.95268555 0.99977529 0.00077176
2458661.97351928 0.99967754 0.00077127
2458661.99435302 1.00046480 0.00077117
2458662.01518675 1.00046325 0.00077085
2458662.03602049 0.99983627 0.00076939
2458662.05685422 0.99894780 0.00076870
2458662.07768796 0.99839056 0.00076832
2458662.09852169 1.00112951 0.00076793
2458662.11935542 0.99960476 0.00076759
2458662.14018916 0.99997610 0.00076713
2458662.16102289 0.99876046 0.00076642
2458662.18185662 0.99941128 0.00076628
2458662.20269035 0.99922180 0.00076639
2458662.22352408 1.00094509 0.00076654
2458662.24435782 1.00002217 0.00076648
2458662.26519155 0.99984187 0.00076610
2458662.28602528 0.99975967 0.00076607
2458662.30685901 0.99944979 0.00076545
2458662.32769273 1.00004208 0.00076510
2458662.34852646 0.99999440 0.00076504
2458662.36936019 0.99983478 0.00076414
2458662.39019392 0.99866879 0.00076372
2458662.41102765 0.99945033 0.00076342
2458662.43186137 0.99905932 0.00076367
2458662.45269510 0.99932563 0.00076360
2458662.47352883 0.99886560 0.00076283
2458662.49436255 0.99892718 0.00076246
2458662.51519628 0.99982113 0.00076292
2458662.53603000 0.99863547 0.00076310
2458662.55686373 0.99948716 0.00076322
2458662.57769745 0.99972725 0.00076384
2458662.59853118 1.00076675 0.00076434
2458662.61936490 1.00004470 0.00076468
2458662.64019862 0.99970657 0.00076476
2458662.66103235 1.00125170 0.00076509
2458662.68186607 0.99966139 0.00076508
2458662.70269979 0.99865234 0.00076477
2458662.72353351 0.99879354 0.00076472
2458662.74436723 0.99921936 0.00076464
2458662.76520096 1.00076699 0.00076484
2458662.78603468 0.99915940 0.00076442
2458662.80686840 0.99920875 0.00076434
2458662.82770212 0.99922669 0.00076378
2458662.84853584 0.99937046 0.00076401
2458662.86936955 0.99906880 0.00076370
2458662.89020327 1.00147617 0.00076406
2458662.91103699 0.99984521 0.00076390
2458662.93187071 1.00022745 0.00076342
2458662.95270443 0.99935997 0.00076322
2458662.97353814 0.99882847 0.00076288
2458662.99437186 0.99782175 0.00076222
2458663.01520557 0.99958503 0.00076238
2458663.03603929 0.99863482 0.00076138
2458663.05687301 0.99847251 0.00076088
2458663.07770672 0.99911386 0.00076077
2458663.09854044 0.99924910 0.00076067
2458663.11937415 0.99986577 0.00076029
2458663.14020786 1.00027359 0.00076088
2458663.16104158 1.00076354 0.00076087
2458663.18187529 1.00116026 0.00076040
2458663.20270900 1.00032341 0.00076029
2458663.22354271 0.99937445 0.00076028
2458663.24437643 0.99985528 0.00076019
2458663.26521014 0.99862772 0.00075991
2458663.28604385 1.00077641 0.00076010
2458663.30687756 1.00086546 0.00075968
2458663.32771127 0.99875927 0.00075938
2458663.34854498 1.00136900 0.00075990
2458663.36937869 0.99959916 0.00075877
2458663.39021240 0.99931139 0.00075846
2458663.41104610 1.00036860 0.00075846
2458663.43187981 0.99964756 0.00075797
2458663.45271352 0.99938762 0.00075796
2458663.47354723 1.00000346 0.00075799
2458663.49438093 0.99960053 0.00075757
2458663.51521464 0.99932235 0.00075733
2458663.53604835 1.00062370 0.00075830
2458663.55688205 0.99974030 0.00075789
2458663.57771576 1.00057662 0.00075841
2458663.59854946 1.00006032 0.00075849
2458663.61938317 0.99916804 0.00075868
2458663.64021687 1.00002825 0.00075922
2458663.66105057 1.00020468 0.00075919
2458663.68188428 0.99932688 0.00075933
2458663.70271798 1.00050843 0.00075994
2458663.72355168 0.99978507 0.00076037
2458663.74438538 0.99960756 0.00075973
2458663.76521909 1.00023127 0.00075982
2458663.78605279 0.99983770 0.00075956
2458663.80688649 1.00150418 0.00076011
2458663.82772019 1.00027347 0.00075944
2458663.84855389 0.99911362 0.00076008
2458663.86938759 1.00124681 0.00075938
2458663.89022129 1.00034225 0.00075920
2458663.91105499 0.99871594 0.00075889
2458663.93188869 1.00038540 0.00075889
2458663.95272238 1.00017679 0.00075871
2458663.97355608 0.99990475 0.00075828
2458663.99438978 0.99879473 0.00075751
2458664.01522348 1.00143802 0.00075780
2458664.03605717 0.99954003 0.00075751
2458664.05689087 0.99928129 0.00075674
2458664.07772456 1.00021017 0.00075697
2458664.11939196 0.99950218 0.00075612
2458664.18189304 0.99971324 0.00075574
2458664.20272673 0.99961370 0.00075550
2458664.22356042 1.00045598 0.00075545
2458664.24439412 0.99939716 0.00075559
2458664.26522781 1.00016606 0.00075568
2458664.28606150 1.00137234 0.00075612
2458664.30689519 1.00034559 0.00075607
2458664.32772888 0.99988294 0.00075540
2458664.34856257 0.99880534 0.00075495
2458664.36939626 0.99893165 0.00075461
2458664.39022995 1.00061333 0.00075475
2458664.41106364 1.00031960 0.00075438
2458664.43189733 0.99934882 0.00075397
2458664.45273102 0.99984723 0.00075419
2458664.47356471 1.00036538 0.00075369
2458664.49439840 1.00075924 0.00075346
2458664.51523209 1.00024211 0.00075314
2458664.55689946 1.00026476 0.00075274
2458664.57773315 0.99893355 0.00075269
2458664.59856683 0.99993449 0.00075333
2458664.61940052 1.00042665 0.00075335
2458664.64023420 1.00004292 0.00075362
2458664.66106789 0.99939209 0.00075247
2458664.68190157 1.00092041 0.00075336
2458664.70273526 0.99983174 0.00075295
2458664.72356894 0.99903202 0.00075338
2458664.74440262 1.00098324 0.00075378
2458664.76523631 1.00115085 0.00075296
2458664.78606999 0.99971658 0.00075224
2458664.80690367 0.99971575 0.00075257
2458664.82773735 1.00133479 0.00075263
2458664.84857103 1.00032306 0.00075182
2458664.86940471 0.99835557 0.00075172
2458664.89023839 0.99928057 0.00075146
2458664.91107207 0.99883479 0.00075100
2458664.93190575 1.00016081 0.00075142
2458664.95273943 1.00075173 0.00075124
2458664.97357311 1.00000930 0.00075049
2458664.99440679 0.99940741 0.00075049
2458665.01524047 0.99779236 0.00074960
2458665.03607415 1.00023806 0.00074971
2458665.05690783 1.00176668 0.00074960
2458665.07774150 1.00049388 0.00074901
2458665.09857518 0.99962318 0.00074870
2458665.11940886 0.99888748 0.00074842
2458665.14024253 1.00027871 0.00074835
2458665.16107621 1.00014317 0.00074788
2458665.18190988 0.99925089 0.00074878
2458665.20274356 0.99904954 0.00074800
2458665.22357723 1.00166821 0.00074833
2458665.24441091 0.99980569 0.00074742
2458665.26524458 1.00022745 0.00074746
2458665.28607825 0.99920934 0.00074739
2458665.36941294 1.00091958 0.00074757
2458665.39024661 1.00039208 0.00074729
2458665.41108028 0.99978602 0.00074681
2458665.43191395 1.00056541 0.00074721
2458665.45274762 0.99933207 0.00074713
2458665.47358129 1.00034297 0.00074714
2458665.49441496 1.00106978 0.00074715
2458665.51524863 1.00016701 0.00074702
2458665.53608230 1.00074387 0.00074725
2458665.55691597 0.99982595 0.00074716
2458665.57774964 0.99996310 0.00074716
2458665.59858330 1.00086391 0.00074776
2458665.61941697 1.00040829 0.00074741
2458665.64025064 0.99998128 0.00074725
2458665.66108430 0.99939686 0.00074713
2458665.68191797 0.99943906 0.00074740
2458665.70275164 1.00078166 0.00074751
2458665.72358530 1.00067592 0.00074738
2458665.74441897 0.99934757 0.00074716
2458665.76525263 0.99980098 0.00074731
2458665.78608629 0.99970770 0.00074743
2458665.80691996 1.00066495 0.00074732
2458665.82775362 1.00082457 0.00074762
2458665.84858728 0.99987572 0.00074720
2458665.86942095 0.99943388 0.00074718
2458665.89025461 1.00007665 0.00074729
2458665.91108827 0.99989587 0.00074718
2458665.93192193 0.99879092 0.00074721
2458665.95275559 0.99958187 0.00074762
2458665.97358925 1.00013530 0.00074736
2458665.99442291 0.99983644 0.00074738
2458666.01525657 1.00060081 0.00074740
2458666.03609023 0.99978501 0.00074724
2458666.05692389 0.99966276 0.00074729
2458666.07775755 1.00067961 0.00074780
2458666.09859121 1.00005031 0.00074738
2458666.11942487 0.99942148 0.00074778
2458666.14025852 1.00107276 0.00074751
2458666.16109218 1.00005627 0.00074733
2458666.18192584 1.00034535 0.00074747
2458666.20275949 1.00032187 0.00074760
2458666.22359315 0.99881566 0.00074720
2458666.24442681 0.99962878 0.00074717
2458666.26526046 0.99917859 0.00074747
2458666.28609411 1.00159144 0.00074792
2458666.30692777 0.99958432 0.00074726
2458666.32776142 1.00023317 0.00074745
2458666.34859508 1.00053799 0.00074790
2458666.36942873 1.00072420 0.00074739
2458666.39026238 1.00044215 0.00074763
2458666.41109603 1.00080788 0.00074737
2458666.43192969 0.99929523 0.00074710
2458666.45276334 0.99968779 0.00074714
2458666.47359699 1.00049877 0.00074744
2458666.49443064 1.00113535 0.00074791
2458666.51526429 1.00068045 0.00074795
2458666.53609794 0.99967545 0.00074757
2458666.55693159 1.00048101 0.00074725
2458666.57776524 0.99990481 0.00074764
2458666.59859888 1.00036585 0.00074713
2458666.61943253 0.99917060 0.00074699
2458666.64026618 0.99890047 0.00074691
2458666.66109983 1.00002658 0.00074734
2458666.68193347 0.99872673 0.00074755
2458666.70276712 1.00038397 0.00074753
2458666.72360076 0.99956375 0.00074741
2458666.74443441 0.99895877 0.00074720
2458666.76526805 0.99970311 0.00074719
2458666.78610170 1.00134659 0.00074765
2458666.80693534 0.99936593 0.00074720
2458666.82776898 1.00004721 0.00074727
2458666.84860263 1.00037062 0.00074771
2458666.86943627 1.00172806 0.00074809
2458666.89026991 0.99847227 0.00074690
2458666.91110355 0.99989134 0.00074748
2458666.93193719 1.00024343 0.00074757
2458666.95277083 1.00082505 0.00074791
2458666.97360447 0.99970520 0.00074748
2458666.99443811 0.99898517 0.00074731
2458667.01527174 0.99930578 0.00074745
2458667.03610538 1.00066066 0.00074764
2458667.05693902 1.00155246 0.00074771
2458667.07777265 0.99977231 0.00074740
2458667.09860629 1.00057566 0.00074739
2458667.11943992 0.99990392 0.00074765
2458667.14027356 0.99800271 0.00074695
2458667.16110719 0.99951398 0.00074735
2458667.18194082 0.99882168 0.00075801
2458667.20277445 1.00044417 0.00074730
2458667.22360809 0.99883109 0.00074747
2458667.24444172 1.00030816 0.00074742
2458667.26527534 0.99926126 0.00074710
2458667.28610897 1.00016010 0.00074739
2458667.30694260 0.99927855 0.00074727
2458667.32777623 0.99992400 0.00074730
2458667.34860985 0.99981588 0.00074729
2458667.36944348 0.99936110 0.00074722
2458667.39027710 0.99911839 0.00074751
2458667.41111072 1.00002742 0.00074822
2458667.43194434 0.99964100 0.00074748
2458667.45277796 1.00056279 0.00074765
2458667.47361158 1.00067008 0.00074821
2458667.49444520 0.99982405 0.00074746
2458667.51527881 0.99932921 0.00074728
2458667.53611243 0.99961549 0.00074810
2458667.55694604 1.00054908 0.00074762
2458667.57777965 1.00030220 0.00074730
2458667.59861326 0.99748933 0.00074690
2458667.61944687 0.99972212 0.00074749
2458667.64028047 0.99861789 0.00074716
2458667.66111408 0.99860668 0.00074716
2458667.68194768 0.99976104 0.00074762
2458671.16114030 0.99878877 0.00088233
2458671.18197376 0.99876904 0.00088223
2458671.20280721 0.99931353 0.00088135
2458671.22364067 0.99946088 0.00087995
2458671.24447412 0.99911606 0.00087740
2458671.26530758 1.00098085 0.00087503
2458671.28614103 1.00013959 0.00087205
2458671.30697448 1.00171983 0.00086887
2458671.32780794 1.00081336 0.00086598
2458671.34864139 0.99987078 0.00086371
2458671.36947484 0.99944872 0.00086097
2458671.39030830 1.00113654 0.00085980
2458671.41114175 0.99831790 0.00085822
2458671.43197520 1.00120521 0.00085764
2458671.45280865 1.00027740 0.00085671
2458671.47364210 1.00037396 0.00085636
2458671.49447555 0.99867630 0.00085567
2458671.51530900 1.00028753 0.00085701
2458671.53614245 1.00128162 0.00085799
2458671.55697590 0.99993944 0.00085906
2458671.57780935 0.99907064 0.00085855
2458671.59864280 1.00150919 0.00085925
2458671.61947625 0.99999958 0.00085852
2458671.64030970 1.00090086 0.00085818
2458671.66114314 0.99936956 0.00085689
2458671.68197659 1.00008512 0.00085557
2458671.70281004 0.99993747 0.00085474
2458671.72364348 0.99970329 0.00085414
2458671.74447693 1.00142336 0.00085422
2458671.76531038 0.99874401 0.00085450
2458671.78614382 0.99955994 0.00085485
2458671.80697727 1.00166261 0.00085624
2458671.82781071 1.00063229 0.00085730
2458671.84864416 1.00170970 0.00085796
2458671.86947760 0.99962258 0.00085793
2458671.89031105 1.00055802 0.00085800
2458671.91114449 0.99945009 0.00085668
2458671.93197793 0.99861020 0.00085499
2458671.95281138 0.99976403 0.00085341
2458671.97364482 0.99892217 0.00085057
2458671.99447826 0.99910593 0.00084743
2458672.01531170 1.00094903 0.00084557
2458672.03614515 0.99925053 0.00084263
2458672.09864547 0.99925077 0.00083814
2458672.11947891 1.00006151 0.00083811
2458672.16114579 0.99810147 0.00083649
2458672.22364610 0.99935126 0.00083539
2458672.24447954 0.99989104 0.00083415
2458672.26531298 1.00113142 0.00083303
2458672.28614642 1.00055361 0.00083145
2458672.30697985 1.00014448 0.00082935
2458672.32781329 0.99873865 0.00082711
2458672.34864673 1.00057209 0.00082621
2458672.36948016 1.00043333 0.00082467
2458672.39031360 1.00021350 0.00082391
2458672.41114703 0.99920171 0.00082319
2458672.45281390 1.00174558 0.00082335
2458672.51531420 1.00001347 0.00082452
2458672.53614763 0.99942189 0.00082572
2458672.55698107 1.00120938 0.00082668
2458672.57781450 0.99957120 0.00082718
2458672.59864793 1.00077987 0.00082822
2458672.61948136 1.00079870 0.00082792
2458672.64031479 1.00082850 0.00082796
2458672.66114822 0.99870998 0.00082756
2458672.68198165 0.99919415 0.00082631
2458672.70281508 1.00077093 0.00082645
2458672.72364851 0.99981952 0.00082596
2458672.74448194 1.00081050 0.00082642
2458672.76531537 0.99991035 0.00082597
2458672.78614880 0.99961519 0.00082627
2458672.80698223 0.99970746 0.00082709
2458672.82781565 0.99860334 0.00082730
2458672.84864908 0.99997669 0.00082822
2458672.86948251 0.99962354 0.00082874
2458672.89031593 0.99956721 0.00082857
2458672.91114936 0.99871057 0.00082790
2458672.93198279 0.99972606 0.00082746
2458672.95281621 0.99848360 0.00082577
2458672.97364964 1.00068629 0.00082449
2458672.99448306 0.99849403 0.00082268
2458673.01531648 0.99947828 0.00082092
2458673.03614991 0.99879783 0.00081906
2458673.05698333 0.99985522 0.00081807
2458673.07781675 0.99975801 0.00081638
2458673.09865018 0.99971253 0.00081531
2458673.11948360 0.99946398 0.00081457
2458673.14031702 0.99834347 0.00081371
2458673.16115044 1.00026786 0.00081374
2458673.18198386 0.99909228 0.00081337
2458673.20281728 0.99839985 0.00081376
2458673.22365070 1.00034380 0.00081298
2458673.24448412 1.00015128 0.00081270
2458673.26531754 1.00116670 0.00081201
2458673.28615096 0.99883378 0.00081070
2458673.30698438 0.99831557 0.00080943
2458673.32781780 0.99941313 0.00080796
2458673.34865122 1.00005460 0.00080752
2458673.36948463 0.99964565 0.00080546
2458673.39031805 1.00013256 0.00080428
2458673.41115147 1.00057578 0.00080389
2458673.43198488 0.99888271 0.00080286
2458673.45281830 0.99922901 0.00080261
2458673.47365171 0.99926561 0.00080305
2458673.49448513 0.99930376 0.00080323
2458673.51531854 0.99975568 0.00080426
2458673.53615196 0.99951708 0.00080507
2458673.55698537 0.99950337 0.00080562
2458673.57781879 0.99980825 0.00080678
2458673.59865220 1.00045896 0.00080788
2458673.61948561 0.99936533 0.00080904
2458673.64031902 0.99778622 0.00080825
2458673.66115244 0.99946487 0.00080912
2458673.68198585 0.99924123 0.00080925
2458673.70281926 1.00034773 0.00080963
2458673.72365267 0.99868667 0.00080919
2458673.74448608 0.99954653 0.00080897
2458673.76531949 0.99911153 0.00080859
2458673.78615290 0.99993056 0.00080903
2458673.80698631 0.99832523 0.00080861
2458673.82781972 1.00040543 0.00080926
2458673.84865312 0.99871093 0.00080848
2458673.86948653 0.99988288 0.00080852
2458673.89031994 1.00036883 0.00080792
2458673.91115335 0.99857265 0.00080717
2458673.93198675 1.00011885 0.00080608
2458673.95282016 0.99961263 0.00080495
2458673.97365357 0.99864697 0.00080353
2458673.99448697 1.00020015 0.00080190
2458674.01532038 1.00035644 0.00080053
2458674.03615378 1.00006270 0.00079907
2458674.05698718 0.99855363 0.00079820
2458674.07782059 0.99885833 0.00079702
2458674.09865399 0.99924189 0.00079634
2458674.11948739 0.99966443 0.00079542
2458674.14032080 1.00036681 0.00079529
2458674.16115420 1.00012112 0.00079505
2458674.18198760 0.99970269 0.00079481
2458674.20282100 1.00078201 0.00079473
2458674.22365440 0.99998599 0.00079419
2458674.24448780 1.00094700 0.00079403
2458674.26532120 0.99970675 0.00079324
2458674.28615460 1.00154603 0.00079250
2458674.30698800 1.00058579 0.00079145
2458674.32782140 1.00041246 0.00079012
2458674.34865480 1.00131571 0.00078899
2458674.36948820 0.99940187 0.00078763
2458674.39032160 0.99855673 0.00078624
2458674.41115499 1.00049472 0.00078595
2458674.43198839 0.99927956 0.00078525
2458674.45282179 0.99984717 0.00078557
2458674.47365518 1.00011349 0.00078642
2458674.49448858 1.00095570 0.00078631
2458674.51532197 1.00165951 0.00078715
2458674.53615537 1.00055528 0.00078725
2458674.55698876 0.99925649 0.00078772
2458674.57782216 0.99991417 0.00078893
2458674.59865555 1.00123429 0.00079009
2458674.61948894 1.00115454 0.00079123
2458674.64032234 1.00010896 0.00079117
2458674.66115573 1.00005150 0.00079120
2458674.68198912 0.99989057 0.00079187
2458674.70282251 0.99831468 0.00079085
2458674.72365590 1.00107622 0.00079149
2458674.74448929 1.00055861 0.00079083
2458674.76532268 0.99877626 0.00079008
2458674.78615607 0.99851972 0.00078982
2458674.80698946 0.99942517 0.00079008
2458674.82782285 0.99949723 0.00079021
2458674.84865624 0.99981523 0.00078983
2458674.86948963 0.99986494 0.00078995
2458674.89032302 0.99989200 0.00078952
2458674.91115640 0.99902439 0.00078890
2458674.93198979 1.00025523 0.00078805
2458674.95282318 1.00067163 0.00078760
2458674.97365656 1.00067222 0.00078686
2458674.99448995 0.99963909 0.00078499
2458675.01532334 0.99941528 0.00078392
2458675.03615672 1.00036323 0.00078310
2458675.05699010 0.99992919 0.00078220
2458675.07782349 1.00069797 0.00078187
2458675.09865687 0.99934751 0.00078102
2458675.11949026 1.00003850 0.00078008
2458675.14032364 1.00046921 0.00077982
2458675.16115702 0.99853975 0.00077951
2458675.18199040 1.00093031 0.00077958
2458675.20282378 0.99928707 0.00077887
2458675.22365717 0.99925482 0.00077919
2458675.24449055 1.00024641 0.00077855
2458675.26532393 0.99971831 0.00077842
2458675.28615731 1.00005484 0.00077765
2458675.30699069 1.00071204 0.00077715
2458675.32782406 1.00187635 0.00077679
2458675.34865744 0.99977398 0.00077556
2458675.36949082 1.00128937 0.00077523
2458675.39032420 1.00047112 0.00077467
2458675.41115758 0.99889386 0.00077434
2458675.45282433 0.99870706 0.00077392
2458675.47365771 1.00097644 0.00077430
2458675.49449108 0.99970055 0.00077453
2458675.51532446 1.00066757 0.00077492
2458675.53615783 0.99815595 0.00077527
2458675.55699121 0.99954122 0.00077597
2458675.57782458 1.00099063 0.00077727
2458675.59865795 0.99999690 0.00077763
2458675.61949133 1.00096536 0.00077830
2458675.64032470 0.99997663 0.00077853
2458675.66115807 0.99989855 0.00077861
2458675.68199145 0.99981230 0.00077862
2458675.70282482 0.99982703 0.00077858
2458675.72365819 0.99896085 0.00077832
2458675.74449156 0.99854130 0.00077808
2458675.76532493 0.99970955 0.00077836
2458675.78615830 0.99868953 0.00077814
2458675.80699167 1.00071096 0.00077877
2458675.82782504 1.00019836 0.00077869
2458675.84865841 0.99937177 0.00077913
2458675.86949177 0.99957860 0.00077889
2458675.89032514 1.00142169 0.00077923
2458675.91115851 1.00152338 0.00077929
2458675.93199188 1.00066781 0.00077900
2458675.95282524 0.99963409 0.00077832
2458675.97365861 1.00002766 0.00077718
2458675.99449197 1.00016975 0.00077674
2458676.01532534 1.00034606 0.00077630
2458676.03615870 1.00049591 0.00077510
2458676.05699207 1.00117207 0.00077486
2458676.07782543 0.99819893 0.00077345
2458676.09865880 0.99952143 0.00077297
2458676.11949216 1.00057673 0.00077270
2458676.14032552 0.99985874 0.00077213
2458676.16115888 1.00119424 0.00077226
2458676.18199225 0.99989104 0.00077217
2458676.20282561 1.00018883 0.00077224
2458676.22365897 0.99986213 0.00077185
2458676.24449233 1.00037694 0.00077157
2458676.26532569 1.00086451 0.00077221
2458676.28615905 0.99964094 0.00077108
2458676.30699241 1.00002182 0.00077063
2458676.32782577 1.00054276 0.00077143
2458676.34865913 1.00222957 0.00077043
2458676.36949248 1.00032592 0.00076915
2458676.39032584 0.99937212 0.00076885
2458676.41115920 0.99985158 0.00076839
2458676.43199256 1.00026488 0.00076828
2458676.45282591 1.00070536 0.00076883
2458676.47365927 0.99983853 0.00076844
2458676.49449262 0.99992937 0.00076849
2458676.51532598 0.99998695 0.00076909
2458676.53615933 0.99980730 0.00076921
2458676.55699269 0.99977076 0.00076951
2458676.57782604 1.00107181 0.00077041
2458676.59865940 0.99962151 0.00077074
2458676.61949275 0.99998724 0.00077107
2458676.64032610 0.99983954 0.00077126
2458676.66115945 0.99959201 0.00077152
2458676.68199281 1.00121140 0.00077212
2458676.70282616 0.99963582 0.00077213
2458676.72365951 1.00214052 0.00077182
2458676.74449286 0.99997604 0.00077145
2458676.76532621 1.00028300 0.00077136
2458676.78615956 1.00151885 0.00077179
2458676.80699291 0.99962127 0.00077107
2458676.82782626 1.00120318 0.00077127
2458676.84865961 0.99988019 0.00077121
2458676.86949295 1.00058377 0.00077160
2458676.89032630 1.00130415 0.00077149
2458676.91115965 0.99984860 0.00077107
2458676.93199300 1.00101185 0.00077109
2458676.95282634 1.00037384 0.00077098
2458676.97365969 1.00080240 0.00077114
2458676.99449303 0.99848223 0.00076947
2458677.01532638 0.99994177 0.00076917
2458677.03615972 1.00034118 0.00076870
2458677.05699307 1.00004923 0.00076786
2458677.07782641 1.00018716 0.00076802
2458677.09865976 1.00006378 0.00076746
2458677.11949310 1.00053751 0.00076745
2458677.14032644 0.99999857 0.00076739
2458677.16115978 1.00057888 0.00076698
2458677.18199313 1.00082195 0.00076701
2458677.20282647 0.99917471 0.00076684
2458677.22365981 0.99990475 0.00076643
2458677.24449315 1.00021076 0.00076648
2458677.26532649 1.00033617 0.00076627
2458677.28615983 1.00078344 0.00076604
2458677.30699317 1.00040340 0.00076580
2458677.32782651 0.99980319 0.00076529
2458677.34865985 1.00023854 0.00076509
2458677.36949318 1.00041151 0.00076397
2458677.39032652 0.99904841 0.00076345
2458677.41115986 1.00104725 0.00076364
2458677.43199319 0.99913359 0.00076300
2458677.45282653 1.00030816 0.00076309
2458677.47365987 0.99968147 0.00076307
2458677.49449320 1.00075936 0.00076305
2458677.51532654 0.99969220 0.00076307
2458677.53615987 0.99985409 0.00076369
2458677.55699321 0.99983108 0.00076408
2458677.57782654 1.00129938 0.00076447
2458677.59865987 1.00079525 0.00076469
2458677.61949321 1.00223827 0.00076547
2458677.64032654 1.00037360 0.00076514
2458677.66115987 1.00164557 0.00076554
2458677.68199320 1.00147581 0.00076598
2458677.70282654 0.99950671 0.00076538
2458677.72365987 1.00121951 0.00076586
2458677.74449320 0.99996239 0.00076616
2458677.76532653 1.00105524 0.00076590
2458677.78615986 1.00181687 0.00076545
2458677.80699319 1.00088561 0.00076498
2458677.82782652 1.00086665 0.00076512
2458677.84865984 1.00012171 0.00076542
2458677.86949317 1.00134909 0.00076514
2458677.89032650 1.00088120 0.00076508
2458677.91115983 1.00020719 0.00076492
2458677.93199315 0.99941593 0.00076446
2458677.95282648 0.99932730 0.00076455
2458677.97365981 1.00191462 0.00076445
2458677.99449313 1.00154889 0.00076424
2458678.01532646 1.00068378 0.00076370
2458678.03615978 1.00130153 0.00076369
2458678.05699311 1.00111020 0.00076361
2458678.07782643 1.00059521 0.00076309
2458678.09865975 1.00180233 0.00076300
2458678.11949308 1.00109947 0.00076281
2458678.14032640 1.00037038 0.00076277
2458678.16115972 1.00061238 0.00076249
2458678.18199304 1.00078511 0.00076268
2458678.20282637 0.99985796 0.00076266
2458678.22365969 0.99963790 0.00076250
2458678.24449301 1.00097775 0.00076250
2458678.26532633 1.00041986 0.00076234
2458678.28615965 1.00021183 0.00076195
2458678.30699297 1.00044048 0.00076182
2458678.32782629 1.00029063 0.00076149
2458678.34865961 1.00046563 0.00076115
2458678.36949292 0.99985975 0.00076128
2458678.39032624 1.00112474 0.00076053
2458678.41115956 1.00142229 0.00076050
2458678.43199288 1.00152040 0.00076027
2458678.45282619 1.00227010 0.00076033
2458678.47365951 1.00091588 0.00076016
2458678.49449283 0.99958104 0.00076003
2458678.51532614 0.99890018 0.00076000
2458678.53615946 0.99922347 0.00076049
2458678.55699277 1.00086331 0.00076073
2458678.57782608 1.00107312 0.00076112
2458678.59865940 1.00169265 0.00076166
2458678.61949271 1.00137699 0.00076171
2458678.64032602 0.99932235 0.00076148
2458678.66115934 1.00005138 0.00076174
2458678.68199265 1.00061977 0.00076274
2458678.70282596 1.00117922 0.00076191
2458678.72365927 0.99992859 0.00076181
2458678.74449258 1.00106394 0.00076197
2458678.76532589 1.00027955 0.00076196
2458678.78615920 1.00123489 0.00076159
2458678.82782582 1.00052845 0.00076119
2458678.84865913 1.00017190 0.00076089
2458678.86949244 1.00049376 0.00076082
2458678.89032575 1.00076294 0.00076102
2458678.91115906 1.00042689 0.00076078
2458678.93199237 1.00007963 0.00076133
2458678.95282567 1.00083780 0.00076119
2458678.97365898 1.00029409 0.00076049
2458678.99449228 0.99915731 0.00076041
2458679.01532559 0.99950480 0.00075962
2458679.03615890 1.00041509 0.00075951
2458679.05699220 1.00091767 0.00075933
2458679.07782551 0.99976116 0.00075886
2458679.09865881 1.00036263 0.00075864
2458679.11949211 1.00203967 0.00075907
2458679.14032542 1.00033247 0.00075847
2458679.16115872 1.00072873 0.00075845
2458679.18199202 0.99712539 0.00075729
2458679.20282533 0.99302346 0.00075635
2458679.22365863 0.99157870 0.00075585
2458679.24449193 0.98969322 0.00075517
2458679.26532523 0.99130279 0.00075487
2458679.28615853 0.99069542 0.00075496
2458679.30699183 0.98838282 0.00075429
2458679.32782513 0.98934430 0.00075421
2458679.34865843 0.98993617 0.00075370
2458679.36949173 0.98964918 0.00075337
2458679.39032503 0.98827690 0.00075250
2458679.41115833 0.99008012 0.00075305
2458679.43199162 0.98985422 0.00075257
2458679.45282492 0.99123055 0.00075316
2458679.47365822 0.99182159 0.00075276
2458679.49449151 0.99308115 0.00075321
2458679.51532481 0.99975765 0.00075430
2458679.53615811 1.00026858 0.00075391
2458679.55699140 1.00098276 0.00075414
2458679.57782470 1.00021565 0.00075411
2458679.59865799 1.00171149 0.00075391
2458679.61949129 1.00070298 0.00075383
2458679.64032458 1.00171816 0.00075356
2458679.66115787 1.00144982 0.00075337
2458679.68199117 1.00145030 0.00075306
2458679.70282446 1.00135362 0.00075260
2458679.72365775 0.99909127 0.00075195
2458679.74449105 1.00066125 0.00075179
2458679.76532434 1.00117755 0.00075147
2458679.78615763 1.00179183 0.00075152
2458679.80699092 1.00085449 0.00075158
2458679.82782421 1.00121200 0.00075137
2458679.84865750 0.99964404 0.00075080
2458679.86949079 1.00071621 0.00075106
2458679.89032408 1.00138497 0.00075091
2458679.91115737 1.00118482 0.00075100
2458679.93199066 1.00080669 0.00075088
2458679.95282394 1.00067484 0.00075043
2458679.97365723 1.00000000 0.00075037
2458679.99449052 0.99923319 0.00075039
2458680.01532381 0.99985552 0.00075062
2458680.03615709 0.99999112 0.00075037
2458680.05699038 1.00140595 0.00075066
2458680.07782367 0.99969566 0.00075044
2458680.09865695 1.00077832 0.00075089
2458680.11949024 1.00014925 0.00075081
2458680.14032352 1.00199318 0.00075178
2458680.16115681 0.99916893 0.00075030
2458680.18199009 0.99984652 0.00075047
2458680.20282337 0.99909413 0.00075055
2458680.22365666 1.00131810 0.00075155
2458680.24448994 1.00183606 0.00075095
2458680.26532322 1.00086737 0.00075108
2458680.28615650 0.99904829 0.00075041
2458680.30698979 0.99994522 0.00075073
2458680.32782307 1.00051522 0.00075092
2458680.34865635 1.00013244 0.00075102
2458680.36948963 0.99862057 0.00075069
2458680.39032291 1.00059474 0.00075098
2458680.41115619 0.99986184 0.00075073
2458680.43198947 1.00007915 0.00075117
2458680.45282275 1.00065184 0.00075081
2458680.47365603 0.99950427 0.00075082
2458680.49448930 0.99990344 0.00075080
2458680.51532258 1.00015795 0.00075081
2458680.53615586 1.00006628 0.00075100
2458680.55698914 1.00125420 0.00075087
2458680.57782241 0.99983042 0.00075103
2458680.59865569 1.00007570 0.00075114
2458680.61948897 0.99973863 0.00075105
2458680.64032224 1.00116646 0.00075149
2458680.66115552 1.00054026 0.00075117
2458680.68198879 1.00085759 0.00075160
2458680.70282207 1.00065410 0.00075111
2458680.72365534 1.00022125 0.00075172
2458680.74448861 1.00040412 0.00075092
2458680.76532189 0.99989879 0.00075105
2458680.78615516 0.99872422 0.00075139
2458680.80698843 0.99933350 0.00075056
2458680.82782170 0.99949038 0.00075097
2458680.84865498 0.99946314 0.00075071
2458680.86948825 1.00058734 0.00075163
2458680.89032152 0.99974257 0.00075092
2458680.91115479 1.00014317 0.00075155
2458680.93198806 1.00018895 0.00075095
2458680.95282133 1.00090826 0.00075155
2458680.97365460 0.99990547 0.00075153
2458680.99448787 1.00059295 0.00075126
2458681.01532113 1.00034821 0.00075146
2458681.03615440 0.99938345 0.00075101
2458681.05698767 1.00108314 0.00075151
2458681.07782094 1.00157428 0.00075136
2458681.09865420 0.99974805 0.00075118
2458681.11948747 1.00017619 0.00075130
2458681.14032074 1.00007772 0.00075102
2458681.16115400 1.00073540 0.00075120
2458681.18198727 0.99930155 0.00075108
2458681.20282053 0.99933469 0.00075102
2458681.22365380 1.00048327 0.00075128
2458681.24448706 1.00062227 0.00075176
2458681.26532032 0.99993378 0.00075157
2458681.28615358 1.00047648 0.00075166
2458681.30698685 1.00004053 0.00075119
2458681.32782011 1.00082266 0.00075122
2458681.34865337 0.99993747 0.00075045
2458681.36948663 1.00028896 0.00074976
2458681.39031989 0.99979681 0.00074966
2458681.41115315 1.00035310 0.00074947
2458681.43198641 0.99937916 0.00074927
2458681.45281967 0.99888736 0.00074984
2458681.47365293 1.00020671 0.00075084
2458681.49448618 0.99895108 0.00075087
2458681.51531944 1.00079751 0.00075152
2458681.53615270 1.00023711 0.00075121
2458681.55698595 1.00031722 0.00075143
2458681.57781921 1.00114071 0.00075192
2458681.59865246 0.99901754 0.00075108
2458681.61948571 1.00091863 0.00075178
2458681.64031897 1.00039148 0.00075213
2458681.66115222 0.99936557 0.00075115
2458681.68198547 0.99988794 0.00075133
2458681.70281872 0.99941218 0.00075131
2458681.72365197 1.00080907 0.00075203
2458681.74448522 1.00153983 0.00075165
2458681.76531847 1.00072849 0.00075200
2458681.78615172 1.00127554 0.00075188
2458681.80698496 1.00053120 0.00075153
2458681.82781821 1.00033319 0.00075181
2458681.84865145 0.99939048 0.00075156
2458681.86948469 1.00194609 0.00075220
2458681.89031794 1.00015366 0.00075184
2458681.91115118 0.99997598 0.00075178
2458681.93198442 1.00111854 0.00075221
2458681.95281765 0.99951792 0.00075172
2458681.97365089 1.00021970 0.00075195
2458681.99448413 1.00052679 0.00075331
2458682.01531736 1.00254512 0.00075270
2458682.03615059 1.00128531 0.00075253
2458682.05698382 1.00122952 0.00075274
2458682.07781705 1.00043833 0.00075287
2458682.09865028 1.00047588 0.00075245
2458682.11948350 1.00084686 0.00075271
2458682.14031673 1.00019491 0.00075259
2458682.16114995 1.00064349 0.00075259
2458682.20281638 0.99974602 0.00075275
2458682.22364959 1.00001645 0.00075293
2458682.24448281 1.00029457 0.00075338
2458682.26531601 0.99989331 0.00075384
2458682.28614922 0.99886590 0.00075320
2458682.30698242 0.99863452 0.00075338
2458682.32781562 0.99973720 0.00075381
2458682.34864881 1.00074887 0.00075434
