2459430.59505000
2459430.59692300
2459430.59879000
2459430.60065700
2459430.60252400
2459430.60438700
2459430.60625200
2459430.60811800
2459430.60997800
2459430.61183900
2459430.61370600
2459430.61557300
2459430.61752500
2459430.61939100
2459430.62125200
2459430.62311100
2459430.62497700
2459430.62693700
2459430.62879800
2459430.63066300
2459430.63252500
2459430.63438700
2459430.63634400
2459430.63820500
2459430.64008100
2459430.64196900
2459430.64392500
2459430.64578700
2459430.64764900
2459430.64951600
2459430.65138800
2459430.65325400
2459430.65512000
2459430.65706200
2459430.65892900
2459430.66079800
2459430.66266400
2459430.66453400
2459430.66640300
2459430.66826800
2459430.67013600
2459430.67200700
2459430.67396000
2459430.69086100
2459430.70952800
2459430.71705000
2459430.72461100
2459430.72647200
2459430.72833300
2459430.73019900
2459430.73207300
2459430.73393600
2459430.73580700
2459430.73767500
2459430.73961900
2459430.74149800
2459430.74336700
2459430.74523600
2459430.74710900
2459430.74906400
2459430.75092800
2459430.75283800
2459430.75472500
2459430.75658500
2459430.75845300
2459430.76032700
2459430.76219400
2459430.76405500
2459430.76593700
2459430.76968300
2459430.77155200
2459430.77348000
2459430.78104400
2459430.78291000
2459430.80363900
2459430.80550400
2459430.80736500
2459430.80922800
